loci	ind	k	runs	elpdmean	elpdsd	elpdmin	elpdmax	lnk1	lnk1max	lnk1min	lnk2	lnk2max	lnk2min	deltaK
2833	72	1	5	-61512.74	44.0445569849464	-61556.7845569849	-61468.6954430151	NA	NA	NA	NA	NA	NA	NA
2833	72	2	5	-56965.12	784.852395039983	-57749.97239504	-56180.26760496	4547.62	5288.42783805503	3806.81216194496	2857.69999999999	3200.01741928322	2515.38258071676	3.64106680193593
2833	72	3	5	-55275.2	1183.34281381179	-56458.5428138118	-54091.8571861882	1689.92000000001	2088.41041877181	1291.4295812282	1298.88000000001	1612.92549938106	984.834500618961	1.0976362765208
2833	72	4	5	-54884.16	470.806895658932	-55354.9668956589	-54413.3531043411	391.039999999994	1103.57591815285	-321.495918152861	919.37999999999	1119.56945598808	719.190544011897	1.95277513663695
2833	72	5	5	-55412.5	983.153357823694	-56395.6533578237	-54429.3466421763	-528.339999999997	-15.9935378352349	-1040.68646216476	1150.14	1545.68697936878	754.593020631215	1.16984801083927
2833	72	6	5	-54790.7	75.2599162901476	-54865.9599162901	-54715.4400837099	621.800000000003	1529.69344153355	-286.093441533543	944.520000000004	1465.52569527416	423.514304725846	12.5501069700718
2833	72	7	5	-55113.42	462.147662549536	-55575.5676625495	-54651.2723374505	-322.720000000001	64.1677462593872	-709.60774625939	393.379999999997	547.455073250122	239.304926749872	0.851199804473386
2833	72	8	5	-55042.76	694.9603355588	-55737.7203355588	-54347.7996644412	70.6599999999962	303.47267300926	-162.152673009267	1574.45999999999	2174.50538967172	974.414610328265	2.26553936885335
2833	72	9	5	-56546.56	1527.81839823979	-58074.3783982398	-55018.7416017602	-1503.8	-670.941937319005	-2336.65806268099	NA	NA	NA	NA
