loci	ind	k	runs	elpdmean	elpdsd	elpdmin	elpdmax	lnk1	lnk1max	lnk1min	lnk2	lnk2max	lnk2min	deltaK
24517	90	1	5	-975809.4	8.03274548331266	-975817.432745483	-975801.367254517	NA	NA	NA	NA	NA	NA	NA
24517	90	2	5	-957300.52	10950.3625527651	-968250.882552765	-946350.157447235	18508.88	29451.2098072818	7566.55019271822	269.719999999972	1807.88629474404	-1268.44629474409	0.0246311479369114
24517	90	3	5	-938521.92	1546.19904022738	-940068.119040227	-936975.720959773	18778.6	28182.7635125377	9374.43648746225	31992	38988.0196017807	24995.9803982193	20.6907384933413
24517	90	4	5	-951735.32	17946.3821545458	-969681.702154546	-933788.937845454	-13213.4	3186.7831143184	-29613.5831143184	63314.1599999999	154397.582991189	-27769.2629911888	3.52796231879875
24517	90	5	5	-1028262.88	125429.988260053	-1153692.86826005	-902832.891739947	-76527.5599999999	30956.0461055072	-184011.166105507	5685.09999999986	51197.0450064814	-39826.8450064817	0.045324886646828
24517	90	6	5	-1099105.34	187401.649359078	-1286506.98935908	-911703.690640922	-70842.4600000001	-8870.79890097449	-132814.121099026	1537529.4	3644541.43896645	-569482.638966453	8.20446034097573
24517	90	7	5	-2707477.2	2356385.34942456	-5063862.54942456	-351091.850575443	-1608371.86	560611.840065478	-3777355.56006548	8669.47999999975	348262.485307235	-330923.525307236	0.00367914356712364
24517	90	8	5	-4324518.54	4864962.05479727	-9189480.59479727	540443.51479727	-1617041.34	891535.365372714	-4125618.04537271	63157.2999999998	2426628.82037417	-2300314.22037417	0.0129820745339054
24517	90	9	5	-5878402.58	5010067.23979581	-10888469.8197958	-868335.340204186	-1553884.04	-1408778.85500146	-1698989.22499854	NA	NA	NA	NA
