loci	ind	k	runs	elpdmean	elpdsd	elpdmin	elpdmax	lnk1	lnk1max	lnk1min	lnk2	lnk2max	lnk2min	deltaK
2833	72	1	5	-61512	43.3345128044619	-61555.3345128045	-61468.6654871955	NA	NA	NA	NA	NA	NA	NA
2833	72	2	5	-57063.72	61.9900959831492	-57125.7100959832	-57001.7299040169	4448.28	4466.93558317869	4429.62441682131	3482.36	5410.84141363245	1553.87858636755	56.1760704636852
2833	72	3	5	-56097.8	2009.12709279428	-58106.9270927943	-54088.6729072057	965.919999999998	2913.05699681113	-981.216996811135	1438.7	1464.94478859882	1412.45521140118	0.716082125993862
2833	72	4	5	-56570.58	35.7453073843279	-56606.3253073843	-56534.8346926157	-472.779999999999	1500.60178540996	-2446.16178540995	285	2249.78280374385	-1679.78280374385	7.97307453355276
2833	72	5	5	-56758.36	27.1463257182255	-56785.5063257182	-56731.2136742818	-187.779999999999	-179.181018333896	-196.378981666101	123.760000000002	125.789268885872	121.730731114132	4.55899635496202
2833	72	6	5	-56822.38	20.5766129379931	-56842.956612938	-56801.803387062	-64.0199999999968	-57.4502872197643	-70.5897127802292	150.459999999992	164.544099940494	136.37590005949	7.3121849768666
2833	72	7	5	-56735.94	41.2304256587277	-56777.1704256587	-56694.7095743413	86.4399999999951	107.09381272073	65.7861872792604	79.9599999999919	94.6452129657874	65.2747870341963	1.93934451858044
2833	72	8	5	-56729.46	47.1990254136668	-56776.6590254137	-56682.2609745863	6.4800000000032	12.4485997549423	0.511400245064152	142.520000000004	216.601205867287	68.4387941327208	3.0195538732191
2833	72	9	5	-56865.5	127.248831035889	-56992.7488310359	-56738.2511689641	-136.040000000001	-55.9901943777785	-216.089805622223	NA	NA	NA	NA
