  -15        0        0 0.000000000000 0.000000000000 
  -14        0        0 0.000000000000 0.000000000000 
  -13        0        0 0.000000000000 0.000000000000 
  -12        0        0 0.000000000000 0.000000000000 
  -11        0        0 0.000000000000 0.000000000000 
  -10        0        0 0.000000000000 0.000000000000 
   -9        0        0 0.000000000000 0.000000000000 
   -8        0        0 0.000000000000 0.000000000000 
   -7        0        0 0.000000000000 0.000000000000 
   -6        0        0 0.000000000000 0.000000000000 
   -5        0        0 0.000000000000 0.000000000000 
   -4        0        0 0.000000000000 0.000000000000 
   -3        0        0 0.000000000000 0.000000000000 
   -2        0        0 0.000000000000 0.000000000000 
   -1   416293        0 0.001404305796 0.000000000000 
    0 295614738 296440420 0.997214678079 1.000000000000 
    1   409389        0 0.001381016125 0.000000000000 
    2        0        0 0.000000000000 0.000000000000 
    3        0        0 0.000000000000 0.000000000000 
    4        0        0 0.000000000000 0.000000000000 
    5        0        0 0.000000000000 0.000000000000 
    6        0        0 0.000000000000 0.000000000000 
    7        0        0 0.000000000000 0.000000000000 
    8        0        0 0.000000000000 0.000000000000 
    9        0        0 0.000000000000 0.000000000000 
   10        0        0 0.000000000000 0.000000000000 
   11        0        0 0.000000000000 0.000000000000 
   12        0        0 0.000000000000 0.000000000000 
   13        0        0 0.000000000000 0.000000000000 
   14        0        0 0.000000000000 0.000000000000 
   15        0        0 0.000000000000 0.000000000000 
Various statistics on the whole empirical distribution (non-central moments)
mean =  -0.00002329   0.00000000 
non-central sigma2 =   0.00278532   0.00000000 
non-central kurtosis= 356.02492727   0.00000000 
non-central skewness=  -0.00836157   0.00000000 
Various statistics on the semi empirical distribution (one side, axial dispersal, central moments)
mean axial dispersal =   0.00278532   0.00000000 
central/axial sigma2 =   0.00277756   0.00000000 
central/axial kurtosis= 354.02772037   0.00000000 
central/axial skewness=   0.99442936   0.00000000