  -15         0        0 0.000000000000 0.000000000000 
  -14         0        0 0.000000000000 0.000000000000 
  -13         0        0 0.000000000000 0.000000000000 
  -12         0        0 0.000000000000 0.000000000000 
  -11         0        0 0.000000000000 0.000000000000 
  -10         0        0 0.000000000000 0.000000000000 
   -9         0        0 0.000000000000 0.000000000000 
   -8         0        0 0.000000000000 0.000000000000 
   -7         0        0 0.000000000000 0.000000000000 
   -6         0        0 0.000000000000 0.000000000000 
   -5         0        0 0.000000000000 0.000000000000 
   -4         0        0 0.000000000000 0.000000000000 
   -3         0        0 0.000000000000 0.000000000000 
   -2         0        0 0.000000000000 0.000000000000 
   -1   2415049        0 0.001401833440 0.000000000000 
    0  1717957255 1722778849 0.997201269331 1.000000000000 
    1   2406545        0 0.001396897229 0.000000000000 
    2         0        0 0.000000000000 0.000000000000 
    3         0        0 0.000000000000 0.000000000000 
    4         0        0 0.000000000000 0.000000000000 
    5         0        0 0.000000000000 0.000000000000 
    6         0        0 0.000000000000 0.000000000000 
    7         0        0 0.000000000000 0.000000000000 
    8         0        0 0.000000000000 0.000000000000 
    9         0        0 0.000000000000 0.000000000000 
   10         0        0 0.000000000000 0.000000000000 
   11         0        0 0.000000000000 0.000000000000 
   12         0        0 0.000000000000 0.000000000000 
   13         0        0 0.000000000000 0.000000000000 
   14         0        0 0.000000000000 0.000000000000 
   15         0        0 0.000000000000 0.000000000000 
Various statistics on the whole empirical distribution (non-central moments)
mean =  -0.00000494   0.00000000 
non-central sigma≤  =   0.00279873   0.00000000 
non-central kurtosis= 354.30483508   0.00000000 
non-central skewness=  -0.00176373   0.00000000 
Various statistics on the semi empirical distribution (one side, axial dispersal, central moments)
mean axial dispersal =   0.00279873   0.00000000 
central/axial sigma≤  =   0.00279090   0.00000000 
central/axial kurtosis= 352.30764167   0.00000000 
central/axial skewness=   0.99440254   0.00000000