  -15        0        0 0.000000000000 0.000000000000 
  -14        0        0 0.000000000000 0.000000000000 
  -13        0        0 0.000000000000 0.000000000000 
  -12        0        0 0.000000000000 0.000000000000 
  -11        0        0 0.000000000000 0.000000000000 
  -10        0        0 0.000000000000 0.000000000000 
   -9        0        0 0.000000000000 0.000000000000 
   -8        0        0 0.000000000000 0.000000000000 
   -7        0        0 0.000000000000 0.000000000000 
   -6        0        0 0.000000000000 0.000000000000 
   -5        0        0 0.000000000000 0.000000000000 
   -4        0        0 0.000000000000 0.000000000000 
   -3        0        0 0.000000000000 0.000000000000 
   -2        0        0 0.000000000000 0.000000000000 
   -1      191        0 0.000002270930 0.000000000000 
    0 84106083 84106501 0.999995030111 1.000000000000 
    1      227        0 0.000002698959 0.000000000000 
    2        0        0 0.000000000000 0.000000000000 
    3        0        0 0.000000000000 0.000000000000 
    4        0        0 0.000000000000 0.000000000000 
    5        0        0 0.000000000000 0.000000000000 
    6        0        0 0.000000000000 0.000000000000 
    7        0        0 0.000000000000 0.000000000000 
    8        0        0 0.000000000000 0.000000000000 
    9        0        0 0.000000000000 0.000000000000 
   10        0        0 0.000000000000 0.000000000000 
   11        0        0 0.000000000000 0.000000000000 
   12        0        0 0.000000000000 0.000000000000 
   13        0        0 0.000000000000 0.000000000000 
   14        0        0 0.000000000000 0.000000000000 
   15        0        0 0.000000000000 0.000000000000 
Various statistics on the whole empirical distribution (non-central moments)
mean =   0.00000043   0.00000000 
non-central sigma2 =   0.00000497   0.00000000 
non-central kurtosis= 201208.72488038   0.00000000 
non-central skewness=   0.08612440   0.00000000 
Various statistics on the semi empirical distribution (one side, axial dispersal, central moments)
mean axial dispersal =   0.00000497   0.00000000 
central/axial sigma2 =   0.00000497   0.00000000 
central/axial kurtosis= 201206.72488535   0.00000000 
central/axial skewness=   0.99999006   0.00000000