Output from NeEstimator v2.1
Starting time: Thu Aug  3 16:17:41 2023
Input File: "snps.gen"

Number of Loci = 10000

Non-polymorphic loci:   159,   258,   285,   345,   428,   434,   500,   513,
          532,   740,   756,   952,   990,  1077,  1160,  1263,  1357,  1442,
         1482,  1545,  1611,  1678,  1693,  1809,  1816,  1879,  1940,  1991,
         2062,  2076,  2122,  2139,  2202,  2237,  2270,  2322,  2449,  2454,
         2488,  2503,  2531,  2763,  2779,  2809,  2819,  2839,  2963,  2976,
         3005,  3014,  3020,  3065,  3103,  3189,  3204,  3207,  3215,  3264,
         3291,  3328,  3366,  3425,  3493,  3505,  3512,  3519,  3636,  3754,
         3803,  3879,  3975,  4067,  4156,  4172,  4308,  4335,  4418,  4447,
         4469,  4508,  4519,  4569,  4658,  4690,  4722,  4769,  4782,  4788,
         4809,  4869,  4980,  5099,  5180,  5218,  5226,  5270,  5273,  5470,
         5555,  5659,  5740,  5882,  5883,  5920,  6060,  6123,  6124,  6149,
         6218,  6240,  6245,  6289,  6357,  6394,  6653,  6707,  6744,  6747,
         6805,  6858,  6896,  6918,  6921,  6983,  7046,  7106,  7118,  7219,
         7227,  7270,  7274,  7429,  7440,  7498,  7584,  7611,  7615,  7624,
         7730,  7755,  7771,  7909,  7927,  8063,  8075,  8123,  8126,  8172,
         8197,  8224,  8259,  8265,  8309,  8327,  8386,  8415,  8455,  8566,
         8569,  8579,  8690,  8695,  8748,  8780,  8911,  8919,  8930,  8972,
         9002,  9015,  9118,  9205,  9206,  9217,  9229,  9326,  9335,  9345,
         9363,  9389,  9476,  9490,  9500,  9611,  9675,  9702,  9726,  9727,
         9754,  9766,  9786,  9792,  9803,  9817,  9839,  9969,  9979
Total non-polymorphic = 197

LD mating model: Random

Population     1 [113OAPtu_1]  (Number of Individuals = 62)
****************
--------------------------------------------------
Lowest Allele Frequency Used     0.020         0+
--------------------------------------------------

LINKAGE DISEQUILIBRIUM METHOD

Harmonic Mean Sample Size =       55.8        55.8
Independent Comparisons =   29081404    47549381
OverAll r^2 =                 0.020283    0.019957
Expected r^2 Sample =         0.018840    0.018835
Estimated Ne^ =                  228.9       294.8

95% CIs for Ne^
* Parametric                     227.3       292.7
                                 230.6       296.9

* JackKnife on Samples           151.5       189.4
                                 440.7       623.6

**************************************************

Time: Thu Aug  3 16:26:18 2023

Non-polymorphic loci:     2,     8,    10,    31,    38,    66,    68,    73,
           74,    77,    79,    87,    90,    93,    96,   102,   106,   110,
          111,   126,   128,   129,   135,   136,   139,   142,   145,   147,
          153,   155,   157,   162,   165,   168,   177,   179,   188,   189,
          201,   202,   203,   209,   212,   214,   218,   224,   226,   238,
          239,   243,   244,   260,   261,   264,   271,   274,   292,   294,
          295,   298,   307,   315,   322,   331,   333,   347,   355,   357,
          361,   367,   371,   380,   383,   385,   388,   407,   416,   420,
          427,   441,   442,   445,   447,   474,   476,   480,   493,   517,
          524,   526,   541,   544,   552,   556,   558,   574,   575,   585,
          595,   601,   603,   621,   622,   630,   632,   635,   638,   669,
          670,   680,   687,   701,   711,   715,   718,   719,   727,   728,
          730,   732,   734,   736,   738,   745,   753,   755,   759,   760,
          762,   780,   792,   793,   797,   813,   840,   843,   850,   855,
          859,   863,   868,   876,   886,   895,   903,   904,   913,   925,
          926,   932,   938,   943,   947,   961,   966,   973,   975,   989,
          995,   999,  1000,  1003,  1004,  1008,  1017,  1021,  1037,  1045,
         1048,  1051,  1062,  1067,  1073,  1079,  1081,  1085,  1086,  1101,
         1112,  1113,  1119,  1121,  1122,  1129,  1131,  1139,  1158,  1159,
         1163,  1174,  1181,  1194,  1195,  1198,  1199,  1205,  1214,  1215,
         1218,  1222,  1235,  1236,  1241,  1245,  1246,  1271,  1274,  1276,
         1278,  1280,  1292,  1296,  1301,  1304,  1309,  1310,  1311,  1315,
         1335,  1338,  1346,  1356,  1363,  1369,  1375,  1379,  1384,  1391,
         1392,  1398,  1408,  1421,  1428,  1436,  1454,  1457,  1461,  1462,
         1463,  1464,  1465,  1468,  1487,  1488,  1496,  1500,  1502,  1505,
         1507,  1509,  1510,  1517,  1522,  1525,  1526,  1533,  1537,  1541,
         1552,  1587,  1589,  1618,  1641,  1642,  1644,  1646,  1670,  1672,
         1681,  1688,  1690,  1709,  1711,  1716,  1717,  1725,  1731,  1743,
         1747,  1749,  1753,  1756,  1762,  1768,  1771,  1773,  1778,  1814,
         1817,  1819,  1822,  1823,  1824,  1828,  1829,  1833,  1834,  1837,
         1844,  1860,  1863,  1865,  1885,  1888,  1889,  1892,  1907,  1910,
         1915,  1923,  1926,  1927,  1928,  1929,  1943,  1959,  1961,  1962,
         1965,  1969,  1974,  1979,  1980,  1986,  1990,  1998,  2013,  2027,
         2028,  2030,  2040,  2048,  2049,  2052,  2069,  2071,  2075,  2081,
         2091,  2099,  2105,  2110,  2111,  2121,  2147,  2160,  2172,  2190,
         2192,  2193,  2195,  2205,  2213,  2214,  2220,  2227,  2254,  2274,
         2276,  2283,  2298,  2302,  2306,  2309,  2311,  2321,  2324,  2334,
         2343,  2345,  2350,  2355,  2358,  2360,  2378,  2382,  2390,  2394,
         2395,  2405,  2406,  2407,  2417,  2418,  2429,  2431,  2435,  2436,
         2440,  2442,  2445,  2447,  2455,  2458,  2459,  2460,  2461,  2465,
         2466,  2470,  2474,  2482,  2485,  2500,  2524,  2528,  2541,  2547,
         2548,  2552,  2554,  2556,  2581,  2582,  2590,  2598,  2599,  2601,
         2602,  2603,  2604,  2619,  2620,  2624,  2627,  2633,  2640,  2656,
         2657,  2659,  2661,  2672,  2676,  2678,  2679,  2681,  2682,  2689,
         2693,  2695,  2712,  2714,  2723,  2725,  2726,  2728,  2733,  2740,
         2741,  2754,  2757,  2760,  2766,  2767,  2770,  2772,  2774,  2786,
         2788,  2793,  2801,  2805,  2825,  2829,  2847,  2851,  2859,  2861,
         2862,  2870,  2883,  2891,  2895,  2902,  2908,  2912,  2915,  2916,
         2927,  2929,  2933,  2934,  2944,  2949,  2951,  2954,  2957,  2975,
         2978,  2985,  2991,  3000,  3006,  3008,  3009,  3015,  3018,  3031,
         3049,  3052,  3055,  3066,  3084,  3087,  3090,  3091,  3095,  3102,
         3104,  3112,  3114,  3121,  3127,  3134,  3137,  3145,  3150,  3153,
         3154,  3156,  3165,  3168,  3173,  3183,  3186,  3200,  3206,  3219,
         3224,  3237,  3240,  3243,  3251,  3256,  3258,  3262,  3266,  3271,
         3272,  3274,  3275,  3277,  3281,  3308,  3318,  3321,  3322,  3323,
         3326,  3331,  3345,  3349,  3351,  3352,  3358,  3360,  3368,  3369,
         3385,  3387,  3391,  3400,  3409,  3424,  3434,  3441,  3450,  3457,
         3458,  3459,  3466,  3507,  3508,  3513,  3515,  3524,  3525,  3534,
         3535,  3537,  3570,  3572,  3574,  3575,  3598,  3616,  3631,  3640,
         3651,  3663,  3667,  3668,  3669,  3674,  3681,  3697,  3706,  3709,
         3711,  3714,  3715,  3720,  3722,  3727,  3729,  3730,  3732,  3745,
         3752,  3755,  3760,  3761,  3764,  3773,  3774,  3775,  3778,  3784,
         3792,  3806,  3808,  3809,  3823,  3828,  3832,  3836,  3837,  3839,
         3846,  3855,  3859,  3863,  3866,  3871,  3882,  3883,  3885,  3893,
         3921,  3927,  3932,  3940,  3945,  3948,  3949,  3952,  3954,  3957,
         3965,  3978,  3981,  3985,  3986,  3990,  3992,  3993,  3995,  4000,
         4001,  4004,  4006,  4065,  4071,  4074,  4077,  4082,  4084,  4090,
         4095,  4115,  4126,  4134,  4140,  4147,  4155,  4159,  4160,  4173,
         4178,  4184,  4189,  4190,  4194,  4195,  4201,  4204,  4212,  4213,
         4222,  4223,  4229,  4235,  4239,  4242,  4251,  4252,  4256,  4261,
         4264,  4268,  4272,  4274,  4279,  4293,  4295,  4296,  4297,  4301,
         4302,  4313,  4317,  4320,  4322,  4328,  4330,  4340,  4345,  4346,
         4355,  4356,  4360,  4361,  4367,  4369,  4373,  4374,  4375,  4377,
         4382,  4384,  4391,  4392,  4394,  4398,  4401,  4403,  4416,  4443,
         4449,  4458,  4470,  4475,  4477,  4479,  4482,  4483,  4501,  4504,
         4507,  4546,  4558,  4561,  4571,  4575,  4579,  4580,  4581,  4582,
         4585,  4592,  4595,  4601,  4605,  4608,  4619,  4624,  4640,  4652,
         4668,  4671,  4678,  4679,  4692,  4697,  4705,  4711,  4716,  4724,
         4725,  4736,  4739,  4748,  4753,  4758,  4775,  4784,  4786,  4791,
         4798,  4800,  4801,  4833,  4834,  4835,  4840,  4841,  4843,  4851,
         4859,  4861,  4864,  4870,  4875,  4894,  4901,  4907,  4914,  4917,
         4923,  4925,  4932,  4934,  4935,  4936,  4940,  4947,  4952,  4961,
         4972,  4979,  4985,  4988,  4990,  5000,  5013,  5015,  5018,  5023,
         5030,  5034,  5040,  5048,  5058,  5074,  5075,  5078,  5082,  5095,
         5097,  5108,  5111,  5113,  5121,  5124,  5139,  5146,  5152,  5153,
         5156,  5162,  5171,  5173,  5178,  5179,  5189,  5190,  5195,  5206,
         5211,  5228,  5229,  5242,  5247,  5249,  5253,  5255,  5262,  5275,
         5276,  5278,  5279,  5283,  5287,  5290,  5298,  5299,  5300,  5306,
         5314,  5323,  5327,  5331,  5332,  5341,  5358,  5366,  5370,  5372,
         5375,  5380,  5381,  5387,  5395,  5411,  5413,  5415,  5418,  5426,
         5434,  5437,  5444,  5449,  5460,  5467,  5468,  5471,  5474,  5478,
         5484,  5488,  5490,  5503,  5508,  5511,  5520,  5526,  5527,  5530,
         5536,  5537,  5538,  5541,  5548,  5551,  5567,  5568,  5573,  5574,
         5579,  5581,  5591,  5592,  5594,  5595,  5596,  5608,  5612,  5615,
         5624,  5625,  5626,  5629,  5630,  5648,  5649,  5656,  5668,  5669,
         5675,  5690,  5694,  5703,  5719,  5725,  5727,  5729,  5737,  5739,
         5741,  5746,  5748,  5751,  5752,  5753,  5755,  5760,  5769,  5771,
         5774,  5789,  5791,  5802,  5803,  5804,  5806,  5810,  5812,  5815,
         5817,  5821,  5839,  5849,  5851,  5852,  5853,  5854,  5863,  5864,
         5865,  5866,  5870,  5874,  5878,  5879,  5880,  5893,  5894,  5896,
         5913,  5918,  5919,  5924,  5932,  5940,  5948,  5955,  5960,  5961,
         5968,  5970,  5971,  5981,  5983,  5985,  5986,  6010,  6014,  6026,
         6028,  6030,  6044,  6046,  6047,  6054,  6055,  6057,  6058,  6066,
         6070,  6085,  6086,  6087,  6091,  6092,  6105,  6109,  6112,  6113,
         6119,  6127,  6135,  6138,  6142,  6143,  6146,  6160,  6163,  6164,
         6167,  6176,  6184,  6186,  6190,  6191,  6193,  6197,  6200,  6212,
         6214,  6215,  6225,  6229,  6230,  6232,  6239,  6263,  6266,  6278,
         6287,  6296,  6315,  6321,  6331,  6347,  6351,  6353,  6364,  6366,
         6369,  6385,  6387,  6393,  6400,  6411,  6414,  6419,  6421,  6422,
         6428,  6434,  6439,  6443,  6450,  6451,  6458,  6468,  6470,  6472,
         6480,  6486,  6487,  6488,  6498,  6504,  6505,  6507,  6510,  6521,
         6535,  6549,  6553,  6563,  6573,  6588,  6591,  6592,  6597,  6607,
         6615,  6616,  6621,  6622,  6626,  6635,  6637,  6639,  6644,  6652,
         6655,  6662,  6667,  6668,  6678,  6684,  6685,  6687,  6699,  6710,
         6724,  6730,  6738,  6743,  6751,  6752,  6753,  6764,  6766,  6772,
         6773,  6784,  6800,  6809,  6810,  6812,  6829,  6839,  6841,  6845,
         6847,  6848,  6849,  6854,  6863,  6865,  6866,  6867,  6869,  6875,
         6876,  6879,  6890,  6892,  6899,  6901,  6908,  6916,  6925,  6929,
         6938,  6943,  6952,  6960,  6963,  6965,  6970,  6976,  6977,  6979,
         6995,  6998,  6999,  7007,  7012,  7041,  7043,  7045,  7065,  7068,
         7069,  7074,  7083,  7087,  7088,  7092,  7105,  7113,  7117,  7121,
         7130,  7133,  7139,  7153,  7156,  7160,  7169,  7177,  7184,  7188,
         7202,  7203,  7217,  7218,  7220,  7243,  7245,  7246,  7269,  7273,
         7276,  7278,  7281,  7287,  7291,  7295,  7297,  7305,  7309,  7310,
         7312,  7313,  7318,  7323,  7326,  7329,  7330,  7333,  7339,  7352,
         7355,  7372,  7376,  7377,  7384,  7390,  7391,  7407,  7408,  7417,
         7430,  7436,  7438,  7442,  7443,  7446,  7454,  7473,  7474,  7477,
         7490,  7491,  7513,  7515,  7521,  7532,  7539,  7541,  7550,  7557,
         7559,  7562,  7564,  7567,  7577,  7578,  7591,  7618,  7625,  7635,
         7643,  7644,  7652,  7671,  7678,  7680,  7692,  7693,  7694,  7696,
         7700,  7707,  7711,  7713,  7714,  7716,  7729,  7734,  7747,  7751,
         7760,  7769,  7773,  7775,  7784,  7786,  7788,  7790,  7793,  7795,
         7802,  7803,  7821,  7822,  7824,  7837,  7845,  7848,  7849,  7856,
         7870,  7873,  7874,  7877,  7878,  7880,  7886,  7891,  7892,  7906,
         7917,  7918,  7929,  7931,  7932,  7941,  7947,  7957,  7967,  7970,
         7972,  7974,  7980,  7983,  7990,  7996,  8010,  8014,  8016,  8017,
         8022,  8025,  8037,  8042,  8046,  8054,  8064,  8069,  8071,  8078,
         8084,  8085,  8088,  8092,  8116,  8124,  8135,  8138,  8146,  8159,
         8163,  8175,  8204,  8205,  8212,  8215,  8216,  8218,  8219,  8221,
         8229,  8233,  8234,  8236,  8247,  8254,  8256,  8257,  8266,  8269,
         8286,  8294,  8295,  8298,  8302,  8305,  8311,  8317,  8318,  8331,
         8341,  8343,  8346,  8357,  8360,  8369,  8380,  8389,  8391,  8393,
         8394,  8397,  8404,  8416,  8425,  8427,  8441,  8442,  8447,  8449,
         8452,  8453,  8454,  8470,  8484,  8496,  8506,  8510,  8523,  8539,
         8561,  8562,  8570,  8590,  8597,  8603,  8620,  8624,  8628,  8631,
         8635,  8637,  8639,  8640,  8642,  8646,  8648,  8649,  8652,  8662,
         8666,  8668,  8684,  8686,  8687,  8689,  8691,  8694,  8702,  8703,
         8704,  8706,  8712,  8722,  8732,  8738,  8749,  8754,  8764,  8776,
         8777,  8778,  8792,  8793,  8795,  8797,  8806,  8823,  8829,  8837,
         8845,  8848,  8853,  8856,  8858,  8863,  8865,  8866,  8869,  8874,
         8878,  8879,  8891,  8892,  8893,  8895,  8896,  8897,  8899,  8903,
         8910,  8913,  8916,  8917,  8922,  8947,  8949,  8954,  8961,  8964,
         8968,  8975,  8981,  8991,  8993,  8998,  8999,  9000,  9001,  9009,
         9010,  9016,  9020,  9021,  9027,  9028,  9031,  9041,  9042,  9045,
         9051,  9052,  9055,  9062,  9067,  9069,  9083,  9085,  9089,  9097,
         9105,  9108,  9109,  9117,  9120,  9130,  9131,  9133,  9134,  9135,
         9137,  9145,  9148,  9153,  9161,  9166,  9170,  9177,  9190,  9199,
         9200,  9204,  9207,  9209,  9210,  9211,  9213,  9214,  9219,  9227,
         9240,  9241,  9242,  9270,  9273,  9274,  9282,  9283,  9285,  9291,
         9296,  9301,  9310,  9312,  9313,  9320,  9323,  9330,  9331,  9336,
         9346,  9349,  9350,  9357,  9372,  9374,  9384,  9397,  9400,  9402,
         9411,  9412,  9416,  9418,  9419,  9427,  9428,  9431,  9433,  9434,
         9441,  9445,  9454,  9460,  9464,  9465,  9467,  9468,  9473,  9489,
         9492,  9496,  9505,  9506,  9513,  9527,  9528,  9534,  9545,  9555,
         9559,  9562,  9564,  9572,  9578,  9582,  9587,  9597,  9599,  9600,
         9601,  9602,  9612,  9615,  9623,  9629,  9630,  9636,  9638,  9639,
         9650,  9653,  9655,  9656,  9659,  9663,  9664,  9665,  9666,  9667,
         9680,  9681,  9684,  9686,  9690,  9703,  9705,  9712,  9715,  9725,
         9729,  9731,  9736,  9740,  9741,  9744,  9758,  9761,  9768,  9777,
         9780,  9790,  9796,  9805,  9812,  9814,  9819,  9820,  9821,  9826,
         9829,  9830,  9832,  9840,  9842,  9857,  9858,  9865,  9869,  9871,
         9872,  9875,  9879,  9895,  9897,  9907,  9909,  9913,  9915,  9916,
         9917,  9921,  9923,  9931,  9937,  9939,  9941,  9943,  9945,  9960,
         9971,  9972,  9975,  9977,  9978,  9989,  9997, 10000
Total non-polymorphic = 1736


Population     2 [149FFSPtu_1]  (Number of Individuals = 31)
****************
--------------------------------------------------
Lowest Allele Frequency Used     0.020         0+
--------------------------------------------------

LINKAGE DISEQUILIBRIUM METHOD

Harmonic Mean Sample Size =       28.7        28.7
Independent Comparisons =   19598953    33482628
OverAll r^2 =                 0.039961    0.039752
Expected r^2 Sample =         0.038590    0.038560
Estimated Ne^ =                  223.0       256.6

95% CIs for Ne^
* Parametric                     219.0       252.6
                                 227.2       260.8

* JackKnife on Samples            85.8       106.2
                              Infinite    Infinite

**************************************************

Ending time: Thu Aug  3 16:29:38 2023
-------------------------------------

