  -15         0        0 -0.000000000000 -0.000000000000 
  -14         0        0 -0.000000000000 -0.000000000000 
  -13         0        0 -0.000000000000 -0.000000000000 
  -12         0        0 -0.000000000000 -0.000000000000 
  -11         0        0 -0.000000000000 -0.000000000000 
  -10         0        0 -0.000000000000 -0.000000000000 
   -9         0        0 -0.000000000000 -0.000000000000 
   -8         0        0 -0.000000000000 -0.000000000000 
   -7         0        0 -0.000000000000 -0.000000000000 
   -6         0        0 -0.000000000000 -0.000000000000 
   -5         0        0 -0.000000000000 -0.000000000000 
   -4         0        0 -0.000000000000 -0.000000000000 
   -3         0        0 -0.000000000000 -0.000000000000 
   -2         0        0 -0.000000000000 -0.000000000000 
   -1      9115        0 -0.000013729763 -0.000000000000 
    0  7926030653 7926048418 -11.938839764119 -11.938866523224 
    1      8650        0 -0.000013029342 -0.000000000000 
    2         0        0 -0.000000000000 -0.000000000000 
    3         0        0 -0.000000000000 -0.000000000000 
    4         0        0 -0.000000000000 -0.000000000000 
    5         0        0 -0.000000000000 -0.000000000000 
    6         0        0 -0.000000000000 -0.000000000000 
    7         0        0 -0.000000000000 -0.000000000000 
    8         0        0 -0.000000000000 -0.000000000000 
    9         0        0 -0.000000000000 -0.000000000000 
   10         0        0 -0.000000000000 -0.000000000000 
   11         0        0 -0.000000000000 -0.000000000000 
   12         0        0 -0.000000000000 -0.000000000000 
   13         0        0 -0.000000000000 -0.000000000000 
   14         0        0 -0.000000000000 -0.000000000000 
   15         0        0 -0.000000000000 -0.000000000000 
Various statistics on the whole empirical distribution (non-central moments)
mean =   0.00000070   0.00000000 
non-central sigma≤  =  -0.00002676   0.00000000 
non-central kurtosis= -37373.45730369   0.00000000 
non-central skewness=  -0.02617506   0.00000000 
Various statistics on the semi empirical distribution (one side, axial dispersal, central moments)
mean axial dispersal =  -0.00002676   0.00000000 
central/axial sigma≤  =  -0.00002677   0.00000000 
central/axial kurtosis= -37349.59233831   0.00000000 
central/axial skewness=   0.99970741   0.00000000