4197241
3436064
9555008
2153978
5302281
3506606
9723141
9764801
786598
3922463
8867621
940261
4070331
3995168
2153978
6870574
3506606
3436064
8534425
9723141
8526408
3373205
8972939
786598
9407159
9555008
4197241
4485235
5302281
5531738
5948592
9673387
9355543
6340341
9764801
2065414
5274171
2574541
4046535
3231867
569392
902448
483266
87549
4796772
3436064
786598
8867621
940261
2153978
3231867
3922463
9555008
9407159
6870574
8534425
2574541
5302281
87549
2065414
9723141
4070331
5274171
8526408
3373205
3995168
9764801
8972939
4197241
4046535
6340341
9673387
902448
5948592
2666975
4768450
569392
5531738
483266
4485235
3506606
4796772
9800535
9355543
638634
3931647
698914
2090562
2625379
1058594
2153978
940261
6870574
4197241
9407159
8972939
3922463
786598
8526408
9355543
5302281
5274171
3995168
8867621
2065414
3506606
9555008
3373205
2574541
4070331
3231867
9723141
8534425
3436064
902448
569392
9673387
4796772
483266
9764801
4046535
87549
4485235
5948592
5531738
2625379
3931647
2666975
9800535
2090562
6340341
698914
638634
1058594
4768450
8867621
786598
3922463
940261
9407159
4197241
3373205
2574541
5274171
3436064
4070331
6870574
9555008
2065414
8972939
3995168
9764801
9723141
8534425
5302281
2153978
8526408
4485235
569392
3231867
9355543
4796772
2666975
6340341
4768450
87549
902448
483266
4046535
9673387
5948592
3506606
1058594
2090562
9800535
638634
5531738
2625379
3931647
698914
2153978
3995168
940261
9407159
9555008
6870574
8867621
9764801
3922463
786598
2065414
8972939
5302281
4197241
3436064
3231867
8526408
3373205
5274171
4070331
8534425
9723141
9355543
2574541
4796772
9673387
569392
4485235
4768450
698914
6340341
3931647
638634
2666975
87549
483266
3506606
5948592
1058594
5531738
2090562
2625379
902448
9800535
4046535
2153978
9555008
3922463
8867621
4070331
3995168
4197241
2065414
8526408
9764801
786598
940261
2153978
8867621
3922463
786598
2153978
3995168
8867621
6870574
940261
3231867
3922463
9407159
8972939
4197241
9555008
4070331
3373205
3436064
9764801
2065414
8534425
8526408
5302281
5274171
9723141
2574541
9355543
902448
4485235
4796772
2666975
698914
483266
569392
3506606
9800535
9673387
6340341
5531738
87549
1058594
2090562
2625379
4768450
638634
3931647
4046535
5948592
8867621
2153978
940261
3922463
786598
