  -15        0        0 0.000000000000 0.000000000000 
  -14        0        0 0.000000000000 0.000000000000 
  -13        0        0 0.000000000000 0.000000000000 
  -12        0        0 0.000000000000 0.000000000000 
  -11        0        0 0.000000000000 0.000000000000 
  -10        0        0 0.000000000000 0.000000000000 
   -9        0        0 0.000000000000 0.000000000000 
   -8        0        0 0.000000000000 0.000000000000 
   -7        0        0 0.000000000000 0.000000000000 
   -6        0        0 0.000000000000 0.000000000000 
   -5        0        0 0.000000000000 0.000000000000 
   -4        0        0 0.000000000000 0.000000000000 
   -3        0        0 0.000000000000 0.000000000000 
   -2        0        0 0.000000000000 0.000000000000 
   -1   134578        0 0.001404838556 0.000000000000 
    0 95531218 95796061 0.997235345616 1.000000000000 
    1   130265        0 0.001359815828 0.000000000000 
    2        0        0 0.000000000000 0.000000000000 
    3        0        0 0.000000000000 0.000000000000 
    4        0        0 0.000000000000 0.000000000000 
    5        0        0 0.000000000000 0.000000000000 
    6        0        0 0.000000000000 0.000000000000 
    7        0        0 0.000000000000 0.000000000000 
    8        0        0 0.000000000000 0.000000000000 
    9        0        0 0.000000000000 0.000000000000 
   10        0        0 0.000000000000 0.000000000000 
   11        0        0 0.000000000000 0.000000000000 
   12        0        0 0.000000000000 0.000000000000 
   13        0        0 0.000000000000 0.000000000000 
   14        0        0 0.000000000000 0.000000000000 
   15        0        0 0.000000000000 0.000000000000 
Various statistics on the whole empirical distribution (non-central moments)
mean =  -0.00004502   0.00000000 
non-central sigma2 =   0.00276465   0.00000000 
non-central kurtosis= 358.70886525   0.00000000 
non-central skewness=  -0.01628512   0.00000000 
Various statistics on the semi empirical distribution (one side, axial dispersal, central moments)
mean axial dispersal =   0.00276465   0.00000000 
central/axial sigma2 =   0.00275701   0.00000000 
central/axial kurtosis= 356.71163757   0.00000000 
central/axial skewness=   0.99447069   0.00000000