  -15        0        0 0.000000000000 0.000000000000 
  -14        0        0 0.000000000000 0.000000000000 
  -13        0        0 0.000000000000 0.000000000000 
  -12        0        0 0.000000000000 0.000000000000 
  -11        0        0 0.000000000000 0.000000000000 
  -10        0        0 0.000000000000 0.000000000000 
   -9        0        0 0.000000000000 0.000000000000 
   -8        0        0 0.000000000000 0.000000000000 
   -7        0        0 0.000000000000 0.000000000000 
   -6        0        0 0.000000000000 0.000000000000 
   -5        0        0 0.000000000000 0.000000000000 
   -4        0        0 0.000000000000 0.000000000000 
   -3        0        0 0.000000000000 0.000000000000 
   -2        0        0 0.000000000000 0.000000000000 
   -1       10        0 0.000000834697 0.000000000000 
    0 11980379 11980401 0.999998163667 1.000000000000 
    1       12        0 0.000001001636 0.000000000000 
    2        0        0 0.000000000000 0.000000000000 
    3        0        0 0.000000000000 0.000000000000 
    4        0        0 0.000000000000 0.000000000000 
    5        0        0 0.000000000000 0.000000000000 
    6        0        0 0.000000000000 0.000000000000 
    7        0        0 0.000000000000 0.000000000000 
    8        0        0 0.000000000000 0.000000000000 
    9        0        0 0.000000000000 0.000000000000 
   10        0        0 0.000000000000 0.000000000000 
   11        0        0 0.000000000000 0.000000000000 
   12        0        0 0.000000000000 0.000000000000 
   13        0        0 0.000000000000 0.000000000000 
   14        0        0 0.000000000000 0.000000000000 
   15        0        0 0.000000000000 0.000000000000 
Various statistics on the whole empirical distribution (non-central moments)
mean =   0.00000017   0.00000000 
non-central sigma2 =   0.00000184   0.00000000 
non-central kurtosis= 544560.68181818   0.00000000 
non-central skewness=   0.09090909   0.00000000 
Various statistics on the semi empirical distribution (one side, axial dispersal, central moments)
mean axial dispersal =   0.00000184   0.00000000 
central/axial sigma2 =   0.00000184   0.00000000 
central/axial kurtosis= 544558.68182002   0.00000000 
central/axial skewness=   0.99999633   0.00000000