


Bayesian estimates
==================

Locus Parameter        2.5%      25.0%    mode     75.0%   97.5%     median   mean
-----------------------------------------------------------------------------------
    1  Theta_1         0.00065  0.00180  0.00268  0.00345  0.00460  0.00273  0.00266
    1  M_2->1             0.00     0.00 12500.00 80000.00 185000.00 82500.00   382.50
    2  Theta_1         0.00050  0.00165  0.00248  0.00330  0.00440  0.00253  0.00250
    2  M_2->1             0.00     0.00 12500.00 80000.00 185000.00 82500.00   246.43
    3  Theta_1         0.00095  0.00215  0.00298  0.00380  0.00500  0.00303  0.00300
    3  M_2->1             0.00     0.00 12500.00 80000.00 185000.00 82500.00   201.29
    4  Theta_1         0.00065  0.00180  0.00263  0.00345  0.00460  0.00268  0.00264
    4  M_2->1             0.00     0.00 12500.00 80000.00 185000.00 82500.00   376.29
    5  Theta_1         0.00100  0.00220  0.00308  0.00385  0.00505  0.00313  0.00308
    5  M_2->1             0.00     0.00 12500.00 80000.00 185000.00 82500.00   128.40
    6  Theta_1         0.00060  0.00175  0.00258  0.00340  0.00455  0.00263  0.00259
    6  M_2->1             0.00     0.00 12500.00 80000.00 185000.00 82500.00   377.77
    7  Theta_1         0.00100  0.00220  0.00308  0.00385  0.00505  0.00313  0.00306
    7  M_2->1             0.00     0.00 12500.00 80000.00 185000.00 82500.00   202.19
    8  Theta_1         0.00075  0.00195  0.00283  0.00360  0.00480  0.00288  0.00282
    8  M_2->1             0.00     0.00 12500.00 80000.00 185000.00 82500.00   378.58
    9  Theta_1         0.00090  0.00210  0.00293  0.00375  0.00490  0.00298  0.00293
    9  M_2->1             0.00     0.00 12500.00 80000.00 185000.00 82500.00   103.41
   10  Theta_1         0.00045  0.00160  0.00243  0.00325  0.00430  0.00248  0.00243
   10  M_2->1             0.00     0.00 12500.00 80000.00 185000.00 82500.00   360.10
   11  Theta_1         0.00125  0.00245  0.00333  0.00415  0.00535  0.00338  0.00334
   11  M_2->1             0.00     0.00 12500.00 80000.00 185000.00 82500.00   130.42
   12  Theta_1         0.00070  0.00190  0.00273  0.00355  0.00470  0.00283  0.00276
   12  M_2->1             0.00     0.00 12500.00 80000.00 185000.00 82500.00   375.64
   13  Theta_1         0.00080  0.00200  0.00288  0.00370  0.00490  0.00293  0.00287
   13  M_2->1             0.00     0.00 12500.00 80000.00 185000.00 82500.00   305.43
   14  Theta_1         0.00040  0.00145  0.00233  0.00310  0.00420  0.00238  0.00231
   14  M_2->1             0.00     0.00 12500.00 80000.00 185000.00 82500.00   349.31
   15  Theta_1         0.00060  0.00175  0.00263  0.00340  0.00455  0.00268  0.00262
   15  M_2->1             0.00     0.00 12500.00 80000.00 185000.00 82500.00   371.26
   16  Theta_1         0.00075  0.00195  0.00283  0.00360  0.00480  0.00288  0.00282
   16  M_2->1             0.00     0.00 12500.00 80000.00 185000.00 82500.00   377.36
   17  Theta_1         0.00075  0.00190  0.00278  0.00355  0.00475  0.00283  0.00277
   17  M_2->1             0.00     0.00 12500.00 80000.00 185000.00 82500.00   373.76
   18  Theta_1         0.00095  0.00225  0.00313  0.00395  0.00525  0.00318  0.00315
   18  M_2->1             0.00     0.00 12500.00 80000.00 185000.00 82500.00   320.27
   19  Theta_1         0.00040  0.00150  0.00238  0.00315  0.00425  0.00243  0.00236
   19  M_2->1             0.00     0.00 12500.00 80000.00 185000.00 82500.00   367.49
   20  Theta_1         0.00060  0.00175  0.00263  0.00340  0.00455  0.00268  0.00262
   20  M_2->1             0.00     0.00 12500.00 80000.00 185000.00 82500.00   374.65
   21  Theta_1         0.00080  0.00200  0.00288  0.00370  0.00490  0.00293  0.00287
   21  M_2->1             0.00     0.00 12500.00 80000.00 185000.00 82500.00   349.42
   22  Theta_1         0.00165  0.00300  0.00388  0.00470  0.00600  0.00393  0.00388
   22  M_2->1             0.00     0.00 12500.00 80000.00 185000.00 82500.00   121.74
   23  Theta_1         0.00070  0.00185  0.00273  0.00350  0.00470  0.00278  0.00273
   23  M_2->1             0.00     0.00 12500.00 80000.00 185000.00 82500.00   380.52
   24  Theta_1         0.00045  0.00155  0.00243  0.00320  0.00430  0.00248  0.00241
   24  M_2->1             0.00     0.00 12500.00 80000.00 185000.00 82500.00   334.99
   25  Theta_1         0.00080  0.00195  0.00283  0.00360  0.00480  0.00288  0.00282
   25  M_2->1             0.00     0.00 12500.00 80000.00 185000.00 82500.00   391.12
   26  Theta_1         0.00110  0.00230  0.00318  0.00395  0.00515  0.00323  0.00317
   26  M_2->1             0.00     0.00 12500.00 80000.00 185000.00 82500.00    89.98
   27  Theta_1         0.00105  0.00230  0.00313  0.00395  0.00510  0.00318  0.00313
   27  M_2->1             0.00     0.00 12500.00 80000.00 185000.00 82500.00    83.40
   28  Theta_1         0.00045  0.00155  0.00243  0.00320  0.00430  0.00248  0.00242
   28  M_2->1             0.00     0.00 12500.00 80000.00 185000.00 82500.00   282.61
   29  Theta_1         0.00045  0.00155  0.00238  0.00320  0.00430  0.00243  0.00240
   29  M_2->1             0.00     0.00 12500.00 80000.00 185000.00 82500.00   355.84
   30  Theta_1         0.00110  0.00235  0.00323  0.00405  0.00525  0.00328  0.00323
   30  M_2->1             0.00     0.00 12500.00 80000.00 185000.00 82500.00   219.66
   31  Theta_1         0.00035  0.00145  0.00233  0.00310  0.00420  0.00238  0.00232
   31  M_2->1             0.00     0.00 12500.00 80000.00 185000.00 82500.00   353.27
   32  Theta_1         0.00060  0.00175  0.00263  0.00340  0.00455  0.00268  0.00261
   32  M_2->1             0.00     0.00 12500.00 80000.00 185000.00 82500.00   378.07
   33  Theta_1         0.00160  0.00285  0.00373  0.00455  0.00585  0.00378  0.00375
   33  M_2->1             0.00     0.00 12500.00 80000.00 185000.00 82500.00    94.82
   34  Theta_1         0.00080  0.00200  0.00283  0.00365  0.00480  0.00288  0.00285
   34  M_2->1             0.00     0.00 12500.00 80000.00 185000.00 82500.00   384.44
   35  Theta_1         0.00065  0.00175  0.00263  0.00340  0.00455  0.00268  0.00263
   35  M_2->1             0.00     0.00 12500.00 80000.00 185000.00 82500.00   385.68
   36  Theta_1         0.00090  0.00220  0.00308  0.00390  0.00510  0.00313  0.00306
   36  M_2->1             0.00     0.00 12500.00 80000.00 185000.00 82500.00   324.60
   37  Theta_1         0.00080  0.00200  0.00283  0.00365  0.00485  0.00288  0.00284
   37  M_2->1             0.00     0.00 12500.00 80000.00 185000.00 82500.00   378.85
   38  Theta_1         0.00160  0.00290  0.00378  0.00460  0.00590  0.00383  0.00380
   38  M_2->1             0.00     0.00 12500.00 80000.00 185000.00 82500.00    87.07
   39  Theta_1         0.00050  0.00160  0.00243  0.00325  0.00435  0.00248  0.00244
   39  M_2->1             0.00     0.00 12500.00 80000.00 185000.00 82500.00   349.40
   40  Theta_1         0.00065  0.00180  0.00263  0.00345  0.00460  0.00268  0.00264
   40  M_2->1             0.00     0.00 12500.00 80000.00 185000.00 82500.00   374.87
   41  Theta_1         0.00140  0.00270  0.00358  0.00440  0.00560  0.00363  0.00356
   41  M_2->1             0.00     0.00 12500.00 80000.00 185000.00 82500.00   128.81
   42  Theta_1         0.00130  0.00250  0.00338  0.00420  0.00545  0.00343  0.00340
   42  M_2->1             0.00     0.00 12500.00 80000.00 185000.00 82500.00    97.03
   43  Theta_1         0.00040  0.00155  0.00238  0.00320  0.00425  0.00243  0.00239
   43  M_2->1             0.00     0.00 12500.00 80000.00 185000.00 82500.00   334.59
   44  Theta_1         0.00075  0.00195  0.00283  0.00360  0.00480  0.00288  0.00282
   44  M_2->1             0.00     0.00 12500.00 80000.00 185000.00 82500.00   381.46
   45  Theta_1         0.00100  0.00220  0.00308  0.00385  0.00505  0.00313  0.00307
   45  M_2->1             0.00     0.00 12500.00 80000.00 185000.00 82500.00    97.89
   46  Theta_1         0.00070  0.00185  0.00268  0.00350  0.00465  0.00273  0.00270
   46  M_2->1             0.00     0.00 12500.00 80000.00 185000.00 82500.00   385.11
   47  Theta_1         0.00075  0.00195  0.00283  0.00360  0.00480  0.00288  0.00283
   47  M_2->1             0.00     0.00 12500.00 80000.00 185000.00 82500.00   380.05
   48  Theta_1         0.00055  0.00170  0.00258  0.00335  0.00450  0.00263  0.00257
   48  M_2->1             0.00     0.00 12500.00 80000.00 185000.00 82500.00   378.98
   49  Theta_1         0.00065  0.00180  0.00263  0.00345  0.00460  0.00268  0.00264
   49  M_2->1             0.00     0.00 12500.00 80000.00 185000.00 82500.00   379.85
   50  Theta_1         0.00110  0.00235  0.00323  0.00405  0.00535  0.00328  0.00324
   50  M_2->1             0.00     0.00 12500.00 80000.00 185000.00 82500.00   308.67
   51  Theta_1         0.00075  0.00190  0.00278  0.00355  0.00475  0.00283  0.00277
   51  M_2->1             0.00     0.00 12500.00 80000.00 185000.00 82500.00   386.48
   52  Theta_1         0.00070  0.00190  0.00273  0.00355  0.00465  0.00278  0.00273
   52  M_2->1             0.00     0.00 12500.00 80000.00 185000.00 82500.00   384.75
   53  Theta_1         0.00135  0.00260  0.00348  0.00430  0.00555  0.00353  0.00350
   53  M_2->1             0.00     0.00 12500.00 80000.00 185000.00 82500.00    92.17
   54  Theta_1         0.00105  0.00230  0.00318  0.00400  0.00525  0.00323  0.00318
   54  M_2->1             0.00     0.00 12500.00 80000.00 185000.00 82500.00   268.19
   55  Theta_1         0.00180  0.00310  0.00403  0.00485  0.00620  0.00408  0.00403
   55  M_2->1             0.00     0.00 12500.00 80000.00 185000.00 82500.00    98.27
   56  Theta_1         0.00065  0.00180  0.00268  0.00345  0.00460  0.00273  0.00266
   56  M_2->1             0.00     0.00 12500.00 80000.00 185000.00 82500.00   368.19
   57  Theta_1         0.00105  0.00235  0.00323  0.00405  0.00530  0.00328  0.00322
   57  M_2->1             0.00     0.00 12500.00 80000.00 185000.00 82500.00   299.55
   58  Theta_1         0.00065  0.00185  0.00268  0.00350  0.00465  0.00273  0.00270
   58  M_2->1             0.00     0.00 12500.00 80000.00 185000.00 82500.00   377.60
   59  Theta_1         0.00105  0.00225  0.00308  0.00390  0.00510  0.00313  0.00309
   59  M_2->1             0.00     0.00 12500.00 80000.00 185000.00 82500.00   131.65
   60  Theta_1         0.00070  0.00185  0.00273  0.00350  0.00470  0.00278  0.00272
   60  M_2->1             0.00     0.00 12500.00 80000.00 185000.00 82500.00   381.22
   61  Theta_1         0.00055  0.00165  0.00253  0.00330  0.00445  0.00258  0.00252
   61  M_2->1             0.00     0.00 12500.00 80000.00 185000.00 82500.00   360.23
   62  Theta_1         0.00070  0.00185  0.00273  0.00350  0.00470  0.00278  0.00271
   62  M_2->1             0.00     0.00 12500.00 80000.00 185000.00 82500.00   366.98
   63  Theta_1         0.00125  0.00245  0.00333  0.00410  0.00535  0.00338  0.00333
   63  M_2->1             0.00     0.00 12500.00 80000.00 185000.00 82500.00   143.67
   64  Theta_1         0.00100  0.00230  0.00318  0.00400  0.00530  0.00323  0.00317
   64  M_2->1             0.00     0.00 12500.00 80000.00 185000.00 82500.00   329.43
   65  Theta_1         0.00060  0.00175  0.00263  0.00340  0.00455  0.00268  0.00263
   65  M_2->1             0.00     0.00 12500.00 80000.00 185000.00 82500.00   287.94
   66  Theta_1         0.00040  0.00145  0.00233  0.00310  0.00420  0.00238  0.00231
   66  M_2->1             0.00     0.00 12500.00 80000.00 185000.00 82500.00   337.84
   67  Theta_1         0.00060  0.00175  0.00258  0.00340  0.00450  0.00263  0.00260
   67  M_2->1             0.00     0.00 12500.00 80000.00 185000.00 82500.00   375.57
   68  Theta_1         0.00050  0.00165  0.00253  0.00330  0.00440  0.00258  0.00251
   68  M_2->1             0.00     0.00 12500.00 80000.00 185000.00 82500.00   381.43
   69  Theta_1         0.00060  0.00175  0.00263  0.00340  0.00455  0.00268  0.00262
   69  M_2->1             0.00     0.00 12500.00 80000.00 185000.00 82500.00   385.92
   70  Theta_1         0.00080  0.00195  0.00283  0.00360  0.00480  0.00288  0.00282
   70  M_2->1             0.00     0.00 12500.00 80000.00 185000.00 82500.00   186.63
   71  Theta_1         0.00145  0.00270  0.00358  0.00440  0.00565  0.00363  0.00357
   71  M_2->1             0.00     0.00 12500.00 80000.00 185000.00 82500.00   149.53
   72  Theta_1         0.00185  0.00315  0.00403  0.00485  0.00615  0.00408  0.00403
   72  M_2->1             0.00     0.00 12500.00 80000.00 185000.00 82500.00   111.17
   73  Theta_1         0.00180  0.00315  0.00403  0.00485  0.00615  0.00408  0.00402
   73  M_2->1             0.00     0.00 12500.00 80000.00 185000.00 82500.00    87.27
   74  Theta_1         0.00075  0.00190  0.00278  0.00355  0.00475  0.00283  0.00276
   74  M_2->1             0.00     0.00 12500.00 80000.00 185000.00 82500.00   297.27
   75  Theta_1         0.00065  0.00180  0.00268  0.00345  0.00460  0.00273  0.00268
   75  M_2->1             0.00     0.00 12500.00 80000.00 185000.00 82500.00   384.20
   76  Theta_1         0.00055  0.00170  0.00253  0.00335  0.00445  0.00258  0.00255
   76  M_2->1             0.00     0.00 12500.00 80000.00 185000.00 82500.00   289.69
   77  Theta_1         0.00055  0.00170  0.00258  0.00335  0.00445  0.00263  0.00256
   77  M_2->1             0.00     0.00 12500.00 80000.00 185000.00 82500.00   383.30
   78  Theta_1         0.00070  0.00190  0.00273  0.00355  0.00470  0.00278  0.00274
   78  M_2->1             0.00     0.00 12500.00 80000.00 185000.00 82500.00   383.43
   79  Theta_1         0.00065  0.00180  0.00263  0.00345  0.00460  0.00268  0.00264
   79  M_2->1             0.00     0.00 12500.00 80000.00 185000.00 82500.00   376.89
   80  Theta_1         0.00070  0.00190  0.00278  0.00355  0.00475  0.00283  0.00276
   80  M_2->1             0.00     0.00 12500.00 80000.00 185000.00 82500.00   363.94
   81  Theta_1         0.00140  0.00265  0.00353  0.00435  0.00560  0.00358  0.00352
   81  M_2->1             0.00     0.00 12500.00 80000.00 185000.00 82500.00    98.07
   82  Theta_1         0.00060  0.00170  0.00258  0.00335  0.00450  0.00263  0.00256
   82  M_2->1             0.00     0.00 12500.00 80000.00 185000.00 82500.00   226.07
   83  Theta_1         0.00060  0.00180  0.00263  0.00345  0.00455  0.00268  0.00263
   83  M_2->1             0.00     0.00 12500.00 80000.00 185000.00 82500.00   373.19
   84  Theta_1         0.00000  0.00100  0.00178  0.00255  0.00350  0.00188  0.00180
   84  M_2->1             0.00     0.00 12500.00 80000.00 185000.00 82500.00   123.25
   85  Theta_1         0.00135  0.00265  0.00353  0.00435  0.00555  0.00353  0.00351
   85  M_2->1             0.00     0.00 12500.00 80000.00 185000.00 82500.00    91.40
   86  Theta_1         0.00045  0.00155  0.00238  0.00320  0.00430  0.00243  0.00240
   86  M_2->1             0.00     0.00 12500.00 80000.00 185000.00 82500.00   366.73
   87  Theta_1         0.00065  0.00180  0.00268  0.00345  0.00460  0.00273  0.00268
   87  M_2->1             0.00     0.00 12500.00 80000.00 185000.00 82500.00   378.98
   88  Theta_1         0.00135  0.00260  0.00348  0.00430  0.00555  0.00353  0.00350
   88  M_2->1             0.00     0.00 12500.00 80000.00 185000.00 82500.00   187.82
   89  Theta_1         0.00095  0.00220  0.00308  0.00390  0.00510  0.00313  0.00307
   89  M_2->1             0.00     0.00 12500.00 80000.00 185000.00 82500.00   377.40
   90  Theta_1         0.00055  0.00170  0.00253  0.00335  0.00445  0.00258  0.00254
   90  M_2->1             0.00     0.00 12500.00 80000.00 185000.00 82500.00   139.40
   91  Theta_1         0.00055  0.00170  0.00258  0.00335  0.00450  0.00263  0.00257
   91  M_2->1             0.00     0.00 12500.00 80000.00 185000.00 82500.00   284.95
   92  Theta_1         0.00055  0.00170  0.00253  0.00335  0.00445  0.00258  0.00254
   92  M_2->1             0.00     0.00 12500.00 80000.00 185000.00 82500.00   373.37
   93  Theta_1         0.00055  0.00170  0.00253  0.00335  0.00445  0.00258  0.00253
   93  M_2->1             0.00     0.00 12500.00 80000.00 185000.00 82500.00   384.27
   94  Theta_1         0.00055  0.00170  0.00253  0.00335  0.00445  0.00258  0.00254
   94  M_2->1             0.00     0.00 12500.00 80000.00 185000.00 82500.00   375.01
   95  Theta_1         0.00075  0.00190  0.00273  0.00355  0.00470  0.00278  0.00275
   95  M_2->1             0.00     0.00 12500.00 80000.00 185000.00 82500.00   387.91
   96  Theta_1         0.00085  0.00210  0.00298  0.00380  0.00505  0.00303  0.00297
   96  M_2->1             0.00     0.00 12500.00 80000.00 185000.00 82500.00   356.70
   97  Theta_1         0.00080  0.00205  0.00293  0.00375  0.00490  0.00298  0.00291
   97  M_2->1             0.00     0.00 12500.00 80000.00 185000.00 82500.00   362.82
   98  Theta_1         0.00055  0.00170  0.00258  0.00335  0.00450  0.00263  0.00258
   98  M_2->1             0.00     0.00 12500.00 80000.00 185000.00 82500.00   358.29
   99  Theta_1         0.00140  0.00265  0.00353  0.00435  0.00560  0.00358  0.00353
   99  M_2->1             0.00     0.00 12500.00 80000.00 185000.00 82500.00    90.20
  100  Theta_1         0.00035  0.00145  0.00233  0.00310  0.00420  0.00238  0.00232
  100  M_2->1             0.00     0.00 12500.00 80000.00 185000.00 82500.00   196.59
  101  Theta_1         0.00050  0.00160  0.00243  0.00325  0.00435  0.00248  0.00245
  101  M_2->1             0.00     0.00 12500.00 80000.00 185000.00 82500.00   371.34
  102  Theta_1         0.00070  0.00190  0.00273  0.00355  0.00470  0.00278  0.00276
  102  M_2->1             0.00     0.00 12500.00 80000.00 185000.00 82500.00   384.03
  103  Theta_1         0.00070  0.00190  0.00273  0.00355  0.00470  0.00278  0.00273
  103  M_2->1             0.00     0.00 12500.00 80000.00 185000.00 82500.00   386.95
  104  Theta_1         0.00130  0.00255  0.00343  0.00425  0.00545  0.00348  0.00343
  104  M_2->1             0.00     0.00 12500.00 80000.00 185000.00 82500.00   101.23
  105  Theta_1         0.00065  0.00185  0.00268  0.00350  0.00460  0.00273  0.00269
  105  M_2->1             0.00     0.00 12500.00 80000.00 185000.00 82500.00   388.35
  106  Theta_1         0.00055  0.00170  0.00253  0.00335  0.00445  0.00258  0.00253
  106  M_2->1             0.00     0.00 12500.00 80000.00 185000.00 82500.00   292.40
  107  Theta_1         0.00065  0.00180  0.00263  0.00345  0.00460  0.00268  0.00264
  107  M_2->1             0.00     0.00 12500.00 80000.00 185000.00 82500.00   385.47
  108  Theta_1         0.00075  0.00195  0.00278  0.00360  0.00475  0.00283  0.00279
  108  M_2->1             0.00     0.00 12500.00 80000.00 185000.00 82500.00   381.20
  109  Theta_1         0.00075  0.00200  0.00283  0.00365  0.00480  0.00288  0.00283
  109  M_2->1             0.00     0.00 12500.00 80000.00 185000.00 82500.00   369.78
  All  Theta_1         0.00110  0.00210  0.00293  0.00370  0.00475  0.00298  0.00293
  All  M_2->1             0.00     0.00 12500.00 80000.00 185000.00 82500.00  2500.00
-----------------------------------------------------------------------------------



Log-Probability of the data given the model (marginal likelihood = log(P(D|thisModel))
--------------------------------------------------------------------
[Use this value for Bayes factor calculations:
BF = Exp[log(P(D|thisModel) - log(P(D|otherModel)]
shows the support for thisModel]



Locus          TI(1a)       BTI(1b)         HS(2)
-------------------------------------------------
      1          0.00          0.00          0.00
      2          0.00          0.00          0.00
      3          0.00          0.00          0.00
      4          0.00          0.00          0.00
      5          0.00          0.00          0.00
      6          0.00          0.00          0.00
      7          0.00          0.00          0.00
      8          0.00          0.00          0.00
      9          0.00          0.00          0.00
     10          0.00          0.00          0.00
     11          0.00          0.00          0.00
     12          0.00          0.00          0.00
     13          0.00          0.00          0.00
     14          0.00          0.00          0.00
     15          0.00          0.00          0.00
     16          0.00          0.00          0.00
     17          0.00          0.00          0.00
     18          0.00          0.00          0.00
     19          0.00          0.00          0.00
     20          0.00          0.00          0.00
     21          0.00          0.00          0.00
     22          0.00          0.00          0.00
     23          0.00          0.00          0.00
     24          0.00          0.00          0.00
     25          0.00          0.00          0.00
     26          0.00          0.00          0.00
     27          0.00          0.00          0.00
     28          0.00          0.00          0.00
     29          0.00          0.00          0.00
     30          0.00          0.00          0.00
     31          0.00          0.00          0.00
     32          0.00          0.00          0.00
     33          0.00          0.00          0.00
     34          0.00          0.00          0.00
     35          0.00          0.00          0.00
     36          0.00          0.00          0.00
     37          0.00          0.00          0.00
     38          0.00          0.00          0.00
     39          0.00          0.00          0.00
     40          0.00          0.00          0.00
     41          0.00          0.00          0.00
     42          0.00          0.00          0.00
     43          0.00          0.00          0.00
     44          0.00          0.00          0.00
     45          0.00          0.00          0.00
     46          0.00          0.00          0.00
     47          0.00          0.00          0.00
     48          0.00          0.00          0.00
     49          0.00          0.00          0.00
     50          0.00          0.00          0.00
     51          0.00          0.00          0.00
     52          0.00          0.00          0.00
     53          0.00          0.00          0.00
     54          0.00          0.00          0.00
     55          0.00          0.00          0.00
     56          0.00          0.00          0.00
     57          0.00          0.00          0.00
     58          0.00          0.00          0.00
     59          0.00          0.00          0.00
     60          0.00          0.00          0.00
     61          0.00          0.00          0.00
     62          0.00          0.00          0.00
     63          0.00          0.00          0.00
     64          0.00          0.00          0.00
     65          0.00          0.00          0.00
     66          0.00          0.00          0.00
     67          0.00          0.00          0.00
     68          0.00          0.00          0.00
     69          0.00          0.00          0.00
     70          0.00          0.00          0.00
     71          0.00          0.00          0.00
     72          0.00          0.00          0.00
     73          0.00          0.00          0.00
     74          0.00          0.00          0.00
     75          0.00          0.00          0.00
     76          0.00          0.00          0.00
     77          0.00          0.00          0.00
     78          0.00          0.00          0.00
     79          0.00          0.00          0.00
     80          0.00          0.00          0.00
     81          0.00          0.00          0.00
     82          0.00          0.00          0.00
     83          0.00          0.00          0.00
     84          0.00          0.00          0.00
     85          0.00          0.00          0.00
     86          0.00          0.00          0.00
     87          0.00          0.00          0.00
     88          0.00          0.00          0.00
     89          0.00          0.00          0.00
     90          0.00          0.00          0.00
     91          0.00          0.00          0.00
     92          0.00          0.00          0.00
     93          0.00          0.00          0.00
     94          0.00          0.00          0.00
     95          0.00          0.00          0.00
     96          0.00          0.00          0.00
     97          0.00          0.00          0.00
     98          0.00          0.00          0.00
     99          0.00          0.00          0.00
    100          0.00          0.00          0.00
    101          0.00          0.00          0.00
    102          0.00          0.00          0.00
    103          0.00          0.00          0.00
    104          0.00          0.00          0.00
    105          0.00          0.00          0.00
    106          0.00          0.00          0.00
    107          0.00          0.00          0.00
    108          0.00          0.00          0.00
    109          0.00          0.00          0.00
---------------------------------------------------------------
  All          343.41        343.41           inf
[Scaling factor = 343.410591]


(1a) TI: Thermodynamic integration: log(Prob(D|Model)): Good approximation with many temperatures
(1b) BTI: Bezier-approximated Thermodynamic integration: when using few temperatures USE THIS!
(2)  HS: Harmonic mean approximation: Overestimates the marginal likelihood, poor variance



MCMC run characteristics
========================




Acceptance ratios for all parameters and the genealogies
---------------------------------------------------------------------

Parameter           Accepted changes               Ratio



Autocorrelation for all parameters and the genealogies
-------------------------------------------------------------------

Parameter           Autocorrelation           Effective Sample size
Theta_1                   0.000                     0.000
M_2->1                    0.000                     0.000
Genealogies               0.000                     0.000
(*) averaged over loci.



Temperatures during the run using the standard heating scheme
===========================================================================

Chain Temperature               log(marginal likelihood)  log(mL_steppingstone)
    1    1.00000             0.00000        -inf
